DateTime,Entries,UniqueIPs
1433333787,600,4601257
1433333787,600,4601257
1433333787,600,4601257
1433333787,600,4601257
1433333787,600,4601257
1436356244,606,4616681
1438796967,601,4619758
1438796967,601,4619758
1438796967,601,4619758
1438796967,601,4619758
1438796967,601,4619758
1438796967,601,4619758
1438796967,601,4619758
1438796967,601,4619758
1441246525,602,4620782
1444359278,602,4625364
1446592594,605,4627668
1449013155,625,4627656
1452023189,630,4623560
1454432278,634,4627656
1456986150,636,4629704
1459872962,639,4632008
1460478568,644,4636360
1462498435,718,4637445
1465305233,841,4638258
1467904696,885,4640357
1470167278,948,4601098
1473169220,673,4632336
1473283131,847,4447743
1475589293,830,4419847
1478173292,840,4426764
1481145897,855,4436828
1483495873,861,4451676
1486522156,859,4465776
1488923495,820,4566657
1491334704,873,4466576
1493762773,874,4485008
1496897415,880,4494992
1499195950,893,4489616
1501721110,900,4522424
1504740224,958,4508192
1507153338,962,4511084
1509995749,969,4521259
1512589748,982,4529965
1515164180,986,4639940
1518032614,988,4558877
1520471040,1009,4464856
1522154355,955,4371495
1522795262,957,4372775
1522795262,966,4372811
1525193298,958,4388971
1525193298,958,4388971
1525193298,958,4388971
1525193298,958,4388971
1525193298,958,4388971
1525193298,958,4388971
1528406399,980,4381663
1530653065,973,4390639
1533687433,975,4385316
1536699944,965,4388378
1537980063,979,4400121
1538514491,1091,4471014
1539705759,1102,4442499
1540341359,1002,4406511
1541544109,993,4399555
1542138080,1010,4408770
1543327033,1020,4410833
1543969309,1029,4431569
1545164497,1144,4477382
1545940965,1020,4451678
1546994469,1021,4460894
1547567008,1010,4460384
1548200662,1013,4468576
1549377440,1017,4463221
1550009324,1019,4464501
1551197551,1009,4473719
1551712630,1004,4472452
1552324178,1010,4471927
1552938720,1014,4474487
