DateTime,Entries,UniqueIPs
1501265567,236,1323851
1501265567,236,1323851
1504253298,237,1324875
1508182070,257,1330763
1509467312,258,1331019
1512154111,259,1331275
1514232665,258,1331528
1517744260,267,1333079
1520232318,268,1333335
1522700598,270,1334103
1527797429,273,1333623
1527797429,273,1333623
1527797429,273,1333623
1527797429,273,1333623
1527797429,273,1333623
1527797429,273,1333623
1530465980,274,1366143
1534488359,291,1375743
1536380194,293,1374335
1541269057,294,1375103
1547013462,296,1376383
1549004188,298,1377144
