DateTime,Entries,UniqueIPs
1501265567,14,34848
1501265567,14,34848
1527797429,14,34848
1527797429,14,34848
1527797429,14,34848
1527797429,14,34848
1527797429,14,34848
1527797429,14,34848
1543863959,15,35872
1547013462,16,36896
